Analysis(time=0.0, partials=[(1.0, 2.2387211385683394), (1.9950951663946768, 1.4125375446227544), (2.984636330030385, 1.1220184543019633), (3.9859617170524113, 1.5848931924611136), (4.987151860500762, 6.309573444801933), (5.9887657671466314, 1.1220184543019633), (6.995203361253618, 1.4125375446227544), (9.028004435989216, 4.466835921509632), (11.08523951636898, 25.118864315095795), (0.43674207247252306, 17.78279410038923), (0.7827537394848122, 7.079457843841379)])

Analysis(time=0.025, partials=[(1.0, 2.2387211385683394), (1.9956071314207364, 1.2589254117941673), (2.9860772224803016, 1.1220184543019633), (3.9876647889483725, 1.5848931924611136), (4.989017828551842, 7.079457843841379), (5.991529972082283, 1.1220184543019633), (6.9983718423438255, 1.4125375446227544), (9.031855062397675, 4.466835921509632), (11.090189109835244, 35.48133892335755), (0.4369190386202604, 19.952623149688797), (0.7831303022239461, 7.943282347242816)])

Analysis(time=0.048, partials=[(1.0, 2.2387211385683394), (1.998361605445625, 1.2589254117941673), (2.9966417437587123, 1.1220184543019633), (4.001552401470029, 1.5848931924611136), (5.006155294458424, 7.079457843841379), (6.012681716965077, 1.2589254117941673), (7.022919419954016, 1.5848931924611136), (9.063354273403696, 4.466835921509632), (11.129043937940148, 44.6683592150963), (0.4383022249579086, 22.3872113856834), (0.7859089016420153, 8.912509381337454)])

Analysis(time=0.071, partials=[(1.0, 2.2387211385683394), (1.9984518652307943, 1.2589254117941673), (2.9972251268610437, 1.4125375446227544), (4.002073233111977, 1.5848931924611136), (5.006586362833901, 7.943282347242816), (6.01386983898493, 1.2589254117941673), (7.024095676539421, 1.5848931924611136), (9.064645943388967, 5.011872336272722), (11.130907922194911, 63.09573444801933), (0.43224194358814183, 28.183829312644534), (0.786067692419119, 11.220184543019636)])

Analysis(time=0.093, partials=[(1.0, 2.2387211385683394), (1.9985331069609507, 1.2589254117941673), (2.997790605546123, 1.1220184543019633), (4.002530843237125, 1.5848931924611136), (5.006949632144878, 7.943282347242816), (6.015031126202603, 1.4125375446227544), (7.025285795132994, 1.5848931924611136), (9.065897000565931, 5.011872336272722), (11.132722127900397, 79.43282347242814), (0.43187775891341257, 31.622776601683793), (0.7862456140350877, 14.12537544622754)])

Analysis(time=0.118, partials=[(1.0, 2.2387211385683394), (1.998623406615799, 1.2589254117941673), (2.998424162836507, 1.1220184543019633), (4.003020354563361, 1.5848931924611136), (5.007358435030679, 7.943282347242816), (6.016347046437384, 1.4125375446227544), (7.026558290126112, 1.7782794100389228), (9.067176851495459, 5.011872336272722), (11.134829171100595, 100.0), (0.4919328910725202, 39.810717055349734), (0.7864785926143952, 17.78279410038923)])

Analysis(time=0.139, partials=[(1.0, 2.2387211385683394), (1.998740862192349, 1.1220184543019633), (2.999193789461288, 1.1220184543019633), (4.003632476696892, 1.5848931924611136), (5.007065665395451, 8.912509381337454), (6.017954036940749, 1.5848931924611136), (7.0281177248557425, 1.7782794100389228), (9.068690949607312, 5.623413251903491), (11.137390957760003, 112.2018454301963), (0.4890074551828467, 44.6683592150963), (0.7868071345103403, 22.3872113856834)])

Analysis(time=0.163, partials=[(1.0, 1.9952623149688795), (1.9988764401273973, 1.1220184543019633), (3.000104201117217, 1.1220184543019633), (4.004408160306623, 1.5848931924611136), (5.008268132127017, 8.912509381337454), (6.019834456138125, 1.5848931924611136), (7.029951025474908, 1.9952623149688795), (9.068442012078268, 6.309573444801933), (11.140458575525422, 141.2537544622754), (0.48904302600044397, 50.11872336272722), (0.7872847454094878, 31.622776601683793)])

Analysis(time=0.186, partials=[(1.0, 1.9952623149688795), (1.9989667595676703, 1.1220184543019633), (3.001046835701176, 1.1220184543019633), (4.005261369043573, 1.5848931924611136), (5.00953934697392, 8.912509381337454), (6.021707112591485, 1.7782794100389228), (7.031880905444906, 1.9952623149688795), (9.070310198717513, 7.079457843841379), (11.143769968051119, 177.82794100389228), (0.4888722724491877, 56.23413251903491), (0.7880860127342352, 44.6683592150963)])

Analysis(time=0.21, partials=[(1.0, 1.9952623149688795), (1.9988623487286408, 1.1220184543019633), (3.001545574037982, 1.1220184543019633), (4.005692788831981, 1.4125375446227544), (5.010560667180347, 10.0), (6.0227530254271855, 1.9952623149688795), (7.032815120337217, 2.2387211385683394), (9.07047998912206, 7.943282347242816), (11.146036350450983, 223.872113856834), (0.48754475819244886, 70.79457843841381), (0.7889588904500748, 70.79457843841381)])

Analysis(time=0.233, partials=[(1.0, 1.9952623149688795), (1.9989029669756793, 1.1220184543019633), (3.00199913869308, 1.1220184543019633), (4.006128878714386, 1.4125375446227544), (5.011491647589474, 10.0), (6.023844602098869, 1.9952623149688795), (7.033658967791654, 2.51188643150958), (9.070377841746186, 10.0), (11.152383326911307, 199.52623149688787), (0.4815657653165303, 79.43282347242814), (0.789428590856547, 112.2018454301963)])

Analysis(time=0.256, partials=[(1.0, 1.9952623149688795), (1.9990524421150944, 1.1220184543019633), (3.0023394252086666, 1.1220184543019633), (4.006433419323834, 1.4125375446227544), (5.012943912733999, 10.0), (6.0247906531802125, 2.2387211385683394), (7.034053144849411, 2.8183829312644537), (9.069851791065753, 14.12537544622754), (11.156292645772032, 199.52623149688787), (0.47776412609320523, 89.12509381337455), (0.7908662673926743, 158.48931924611142)])

Analysis(time=0.28, partials=[(1.0, 1.9952623149688795), (1.999242808952084, 1.1220184543019633), (3.0025073452065723, 1.1220184543019633), (4.006542674743371, 1.4125375446227544), (5.013556893612391, 11.220184543019636), (6.026424607348835, 2.51188643150958), (7.033715404983859, 3.1622776601683795), (9.071602161848453, 17.78279410038923), (11.156597990496573, 199.52623149688787), (0.4804037143168051, 125.89254117941675)])

Analysis(time=0.301, partials=[(1.0, 1.7782794100389228), (1.999242808952084, 1.1220184543019633), (3.0025073452065723, 1.1220184543019633), (4.006542674743371, 1.4125375446227544), (5.013556893612391, 11.220184543019636), (6.026424607348835, 2.8183829312644537), (7.033715404983859, 3.1622776601683795), (9.071602161848453, 17.78279410038923), (11.156597990496573, 199.52623149688787), (0.4804037143168051, 141.2537544622754)])

Analysis(time=0.326, partials=[(1.0, 1.7782794100389228), (1.9995783001414735, 1.1220184543019633), (3.0026798345848293, 1.1220184543019633), (4.005550114267058, 1.4125375446227544), (5.014374070446548, 12.589254117941675), (6.027587332680379, 3.548133892335755), (7.031278340044256, 3.9810717055349722), (9.07244168752494, 17.78279410038923), (11.157089998911742, 199.52623149688787), (0.4365863169731926, 158.48931924611142)])

Analysis(time=0.349, partials=[(1.0, 1.7782794100389228), (1.9996689852811813, 1.1220184543019633), (3.00270706557719, 1.1220184543019633), (4.005477613429222, 1.4125375446227544), (5.014782301141775, 14.12537544622754), (6.027823374173597, 3.9810717055349722), (7.030208493928375, 5.011872336272722), (9.072977409379053, 14.12537544622754), (11.156102913836417, 177.82794100389228), (0.43830429775000684, 158.48931924611142)])

Analysis(time=0.372, partials=[(1.0, 1.5848931924611136), (1.9996825929435877, 1.1220184543019633), (3.0026707536603836, 1.1220184543019633), (4.005309766615126, 1.5848931924611136), (5.015303554505593, 15.848931924611133), (6.020486358298154, 5.623413251903491), (7.029251327441654, 6.309573444801933), (9.074395679636524, 11.220184543019636), (11.153185179811098, 199.52623149688787), (0.44023905285734366, 141.2537544622754)])

Analysis(time=0.395, partials=[(1.0, 1.5848931924611136), (1.999659931804991, 1.1220184543019633), (3.002579984039466, 1.1220184543019633), (4.005028475043528, 1.5848931924611136), (5.016187246082414, 17.78279410038923), (6.020794036564132, 8.912509381337454), (7.028620139291932, 6.309573444801933), (9.07537724898433, 10.0), (11.148296938479396, 223.872113856834), (0.4405787507254788, 125.89254117941675)])

Analysis(time=0.421, partials=[(1.0, 1.5848931924611136), (1.9996508712349637, 1.1220184543019633), (3.002516447592145, 1.1220184543019633), (4.0047109712580875, 1.7782794100389228), (5.017796498737242, 19.952623149688797), (6.018163764061501, 12.589254117941675), (7.028778185346567, 6.309573444801933), (9.078572108692399, 8.912509381337454), (11.147046688037578, 281.8382931264455), (0.43974808319239717, 125.89254117941675)])

Analysis(time=0.444, partials=[(1.0, 1.4125375446227544), (1.9996599441401575, 1.1220184543019633), (3.002489208894048, 1.1220184543019633), (4.004289237912148, 1.9952623149688795), (5.019043128151185, 25.118864315095795), (6.016993724835866, 12.589254117941675), (7.029544053103124, 5.623413251903491), (9.079536798578113, 7.943282347242816), (11.145897566106859, 354.8133892335753), (0.4389350357285357, 141.2537544622754)])

Analysis(time=0.464, partials=[(1.0, 1.4125375446227544), (1.9996871457719336, 1.1220184543019633), (3.0025209703015188, 1.1220184543019633), (4.0092360009068235, 2.51188643150958), (5.020131489458173, 31.622776601683793), (6.017184311947403, 7.079457843841379), (7.030514622534572, 4.466835921509632), (9.080888687372477, 7.943282347242816), (0.43802312400816135, 141.2537544622754)])

Analysis(time=0.488, partials=[(1.0, 1.4125375446227544), (1.9996916742992392, 1.1220184543019633), (3.0025663580386857, 1.2589254117941673), (4.012777379775648, 3.548133892335755), (5.0045342014817775, 39.810717055349734), (6.0180642587034, 5.011872336272722), (7.031367605850934, 3.9810717055349722), (9.08282172426614, 7.943282347242816), (0.43395935541791736, 141.2537544622754)])

