ANALYSIS
0
109.981
-14
176.308 -14
221.889 0
330.912 0
441.222 -4
551.533 -13
658.337 -5
772.559 -3
994.729 -9
1107.64 -11
1559.77 -13
1674.12 -13

ANALYSIS
0.029
109.393
-13
176.308 -14
221.889 0
330.912 0
441.222 -4
551.533 -13
658.337 -5
772.559 -3
994.729 -9
1107.64 -11
1559.77 -12
1674.12 -13

ANALYSIS
0.043
109.393
-13
176.308 -15
221.889 0
330.912 0
441.222 -4
551.533 -13
658.337 -5
772.559 -3
994.729 -9
1107.64 -11
1559.77 -12
1674.12 -14

ANALYSIS
0.058
110.438
-12
176.341 -16
221.81 -1
330.876 0
441.17 -4
551.512 -13
658.541 -5
772.632 -4
994.846 -9
1107.68 -22
1559.82 -12
1674.09 -15

ANALYSIS
0.072
110.485
-11
176.361 -17
221.722 -1
330.834 0
441.115 -4
551.485 -13
659.688 -5
772.7 -4
994.965 -9
1107.71 -11
1559.85 -12
1674.08 -16

ANALYSIS
0.087
110.485
-11
176.361 -18
221.722 -1
330.834 0
441.115 -4
551.485 -13
659.688 -5
772.7 -4
994.965 -9
1107.71 -11
1559.85 -12
1674.08 -16

ANALYSIS
0.101
110.513
-11
176.377 -18
220.995 -1
330.783 0
441.057 -4
551.453 -13
659.91 -5
772.766 -4
995.709 -9
1107.73 -11
1559.87 -12
1674.08 -17

ANALYSIS
0.117
110.526
-10
176.383 -19
220.983 -2
330.724 0
440.996 -4
551.417 -13
660.934 -5
772.832 -5
995.754 -9
1107.75 -11
1559.89 -11
1674.09 -19

ANALYSIS
0.13
110.526
-10
176.383 -20
220.983 -2
330.724 0
440.996 -4
551.417 -13
660.934 -5
772.832 -5
995.754 -9
1107.75 -11
1559.89 -11
1674.09 -20

ANALYSIS
0.145
110.526
-10
176.381 -21
220.967 -2
330.657 0
440.561 -4
551.374 -13
661.15 -5
772.902 -5
995.798 -9
1107.77 -11
1559.91 -11
1674.11 -21

ANALYSIS
0.174
110.514
-9
176.357 -23
220.937 -2
330.588 0
440.629 -4
551.331 -13
661.929 -5
772.972 -5
995.846 -8
1107.78 -11
1559.93 -11
1674.14 -22

ANALYSIS
0.203
110.486
-9
176.286 -25
220.886 -2
330.527 0
440.702 -3
551.297 -13
662.04 -4
773.034 -5
995.905 -8
1107.8 -11
1559.94 -11
1674.19 -22

ANALYSIS
0.233
110.36
-8
175.928 -27
220.72 -4
330.503 0
440.858 -3
551.31 -13
662.274 -3
773.087 -5
996.051 -8
1107.82 -11
1559.98 -10
1674.39 -21

ANALYSIS
0.276
110.229
-9
175.449 -29
220.654 -3
330.543 0
440.903 -3
551.339 -13
662.362 -3
773.101 -5
996.107 -8
1107.83 -11
1560 -10
1674.49 -21

ANALYSIS
0.38
109.737
-10
174.903 -38
220.369 -4
330.65 -1
440.983 -3
551.442 -13
662.392 -3
773.456 -6
996.287 -8
1108 -11
1560.2 -11
1674.47 -23
