ANALYSIS
0
221.822
-7
442.556 -3
662.058 -1
884.174 -4
1106.26 -16
1328.44 -1
1551.69 -3
2002.61 -13
2458.95 -28
96.879 -25
173.632 -17

ANALYSIS
0.025
221.723
-7
442.472 -2
662.082 -1
884.157 -4
1106.18 -17
1328.46 -1
1551.7 -3
2002.57 -13
2458.95 -31
96.875 -26
173.638 -18

ANALYSIS
0.048
220.948
-7
441.534 -2
662.102 -1
884.135 -4
1106.1 -17
1328.49 -2
1551.7 -4
2002.53 -13
2458.94 -33
96.842 -27
173.645 -19

ANALYSIS
0.071
220.911
-7
441.48 -2
662.12 -3
884.102 -4
1106.01 -18
1328.53 -2
1551.7 -4
2002.48 -14
2458.94 -36
95.487 -29
173.651 -21

ANALYSIS
0.093
-7
220.875
441.426 -2
662.137 -1
884.059 -4
1105.91 -18
1328.57 -3
1551.71 -4
2002.43 -14
2458.94 -38
95.391 -30
173.662 -23

ANALYSIS
0.118
220.835
-7
441.366 -2
662.157 -1
884.007 -4
1105.8 -18
1328.62 -3
1551.71 -5
2002.35 -14
2458.96 -40
108.636 -32
173.682 -25

ANALYSIS
0.139
220.786
-7
441.294 -1
662.18 -1
883.946 -4
1105.49 -19
1328.68 -4
1551.71 -5
2002.24 -15
2458.98 -41
107.966 -33
173.716 -27

ANALYSIS
0.163
220.727
-6
441.206 -1
662.204 -1
883.881 -4
1105.46 -19
1328.74 -4
1551.7 -6
2001.65 -16
2459 -43
107.945 -34
173.775 -30

ANALYSIS
0.186
220.665
-6
441.102 -1
662.226 -1
883.821 -4
1105.43 -19
1328.78 -5
1551.69-6
2001.5 -17
2459.04 -45
107.877 -35
173.903 -33

ANALYSIS
0.21
220.63
-6
441.009 -1
662.231 -1
883.776 -3
1105.48 -20
1328.8 -6
1551.65 -7
2001.22 -18
2459.15 -47
107.567 -37
174.068 -37

ANALYSIS
0.233
220.595
-6
440.948 -1
662.226 -1
883.732 -3
1105.51 -20
1328.83 -6
1551.59 -8
2000.88 -20
2460.16 -46
106.231 -38
174.144 -41

ANALYSIS
0.256
220.567
-6
440.925 -1
662.217 -1
883.687 -3
1105.69 -20
1328.87 -7
1551.48 -9
2000.51 -23
2460.71 -46
105.379 -39
174.439 -44

ANALYSIS
0.28
220.552
-6
440.937 -1
662.209 -1
883.651 -3
1105.75 -21
1329.14 -8
1551.3 -10
2000.76 -25
2460.61 -46
105.954 -42

ANALYSIS
0.301
220.552
-5
440.937 -1
662.209 -1
883.651 -3
1105.75 -21
1329.14 -9
1551.3 -10
2000.76 -25
2460.61 -46
105.954 -43

ANALYSIS
0.326
220.536
-5
440.979 -1
662.199 -1
883.368 -3
1105.85 -22
1329.3 -11
1550.65 -12
2000.8 -25
2460.54 -46
96.283 -44

ANALYSIS
0.349
220.534
-5
440.995 -1
662.199 -1
883.344 -3
1105.93 -23
1329.34 -12
1550.4 -14
2000.9 -23
2460.3 -45
96.661 -44

ANALYSIS
0.372
220.537
-4
441.004 -1
662.2 -1
883.319 -4
1106.06 -24
1327.74 -15
1550.21 -16
2001.24 -21
2459.69 -46
97.089 -43

ANALYSIS
0.395
220.544
-4
441.013 -1
662.201 -1
883.285 -4
1106.29 -25
1327.85 -19
1550.12 -16
2001.52 -20
2458.69 -47
97.167 -42

ANALYSIS
0.421
220.549
-4
441.021 -1
662.202 -1
883.235 -5
1106.67 -26
1327.3 -22
1550.19 -16
2002.27 -19
2458.47 -49
96.986 -42

ANALYSIS
0.444
220.552
-3
441.029 -1
662.205 -1
883.154 -6
1106.96 -28
1327.06 -22
1550.38 -15
2002.51 -18
2458.25 -51
96.808 -43

ANALYSIS
0.464
220.55
-3
441.031 -1
662.206 -1
884.237 -8
1107.19 -30
1327.09 -17
1550.58 -13
2002.79 -18
96.606 -43

ANALYSIS
0.488
220.546
-3
441.024 -1
662.204 -2
885.002 -11
1103.73 -32
1327.26 -14
1550.74 -12
2003.18 -18
95.708 -43

ANALYSIS
0.51
220.546
-2
441.024 -1
662.204 -2
885.002 -13
1103.73 -31
1327.26 -11
1550.74 -11
2003.18 -18
95.708 -44
