ANALYSIS
0
440.18
0
882.814 -2
1326.99 -10
1775.04 -15
2224.72 -22
2682.17 -31
3132 -36
3606.88 -34
4571.9 -52
110.211 -28
196.473 -30
262.437 -29
329.653 -21

ANALYSIS
0.038
440.282
0
882.852 -3
1327 -11
1775.02 -16
2224.75 -22
2682.15 -33
3132 -40
3606.88 -36
4572.95 -57
110.157 -29
196.465 -32
262.438 -31
329.639 -23

ANALYSIS
0.059
440.377
0
882.896 -4
1327 -12
1775 -18
2224.77 -22
2682.12 -35
3132 -43
3606.91 -38
4572.92 -59
109.093 -30
162.802 -37
196.465 -34
262.45 -33
329.616 -24

ANALYSIS
0.086
440.478
0
882.954 -5
1327.01 -14
1774.98 -20
2224.79 -22
2682.09 -38
3141 -45
3606.97 -40
4572.89 -61
109.082 -31
162.722 -39
196.464 -36
262.467 -35
329.586 -26

ANALYSIS
0.106
441.22
0
883.039 -7
1327.03 -15
1774.96 -22
2224.81 -22
2682.05 -40
3141.02 -49
3607.03 -42
4572.85 -64
109.08 -33
162.605 -41
196.48 -39
262.494 -38
328.507 -28

ANALYSIS
0.129
441.239
0
883.172 -9
1327.04 -17
1774.93 -25
2224.83 -22
2682.01 -43
3141.03 -53
3607.12 -44
4572.82 -67
109.075 -34
162.434 -43
196.544 -42
263.722 -41
328.526 -30

ANALYSIS
0.153
441.256
0
883.823 -11
1327.06 -20
1774.91 -28
2224.84 -22
2681.96 -46
3141.03 -58
3607.21 -47
109.062 -36
174.73 -43
230.077 -45
328.545 -33

ANALYSIS
0.176
441.274
0
883.969 -13
1327.05 -24
1774.9 -30
2224.83 -22
2681.91 -50
3141.02 -61
3607.31 -50
109.024 -38
176.324 -43
229.897 -47
328.511 -36

ANALYSIS
0.2
441.294
0
884.249 -14
1326.95 -29
1774.92 -37
2224.81 -22
2681.91 -54
3141.02 -62
3607.71 -53
108.982 -40
176.27 -43
229.786 -50
327.733 -40

ANALYSIS
0.222
441.278
0
884.546 -14
1324.89 -35
1774.98 -36
2224.76 -23
2681.97 -56
3140.99 -62
3607.91 -56
109.051 -43
176.494 -43
230.17 -52
337.874 -42

ANALYSIS
0.247
441.239
0
884.696 -14
1330.63 -33
1775.08 -30
2224.67 -23
2682.03 -56
3140.95 -62
3607.94 -56
109.55 -45
176.523 -45
230.525 -55
337.766 -43

ANALYSIS
0.269
441.2
0
884.634 -14
1326.17 -29
1775.24 -29
2224.53 -23
2682.11 -54
3140.89 -59
3607.87 -56
110.105 -47
176.515 -46
337.975 -45

ANALYSIS
0.292
441.175
0
884.4 -14
1326.22 -26
1775.48 -30
2224.36 -24
2678.21 -51
3140.84 -56
3607.8 -56
110.856 -50
176.621 -49
338.099 -48

ANALYSIS
0.315
441.157
0
884.099 -14
1326.04 -23
1775.83 -30
2224.11 -25
2678.16 -50
3140.82 -54
3607.78 -57
101.264 -52
157.236 -50
337.906 -50

ANALYSIS
0.339
441.139
0
883.802 -14
1325.97 -21
1775.8 -31
2223.66 -27
2678.14 -50
3140.86 -54
3607.88 -58
95.206 -51
157.469 -49
323.158 -52

ANALYSIS
0.362
441.124
0
883.546 -13
1325.95 -20
1775.83 -32
2223.33 -28
2681.11 -53
3140.93 -54
3608.13 -61
94.778 -50
157.648 -49
188.429 -51

ANALYSIS
0.384
441.109
0
883.152 -12
1325.95 -18
1775.74 -34
2222.99 -30
2680.72 -56
3140.99 -52
3608.54 -66
94.545 -49
157.928 -50
188.555 -52

ANALYSIS
0.409
441.097
0
883.01 -10
1325.96 -17
1775.56 -36
2222.75 -32
2680.52 -56
3140.99 -51
3609.02 -67
94.471 -48
158.321 -50
188.928 -51

ANALYSIS
0.431
441.086
0
882.895 -9
1325.96 -16
1775.62 -38
2222.69 -33
2680.4 -58
3140.92 -51
3609.28 -68
94.452 -48
158.266 -51
189.216 -53

ANALYSIS
0.454
441.076
0
882.798 -8
1325.97 -15
1775.13 -39
2222.81 -32
2680.31 -57
3140.83 -53
3609.43 -70
95.245 -48
158.048 -52
189.094 -52

ANALYSIS
0.478
441.068
0
882.714 -7
1325.98 -14
1774.81 -39
2223.05 -31
2680.05 -54
3140.77 -57
3609.49 -69
95.266 -49
157.806 -52
189.433 -58

ANALYSIS
0.501
441.061
0
882.636 -6
1325.99 -13
1774.63 -38
2223.29 -29
2680.01 -53
3140.74 -60
3609.47 -66
95.228 -48
158.472 -53
189.84 -52

ANALYSIS
0.524
441.056
0
882.558 -6
1326 -13
1774.24 -38
2223.5 -28
2679.98 -52
3140.75 -58
3609.39 -63
85.77 -48
95.125 -49
158.281 -53
190.282 -52

ANALYSIS
0.547
441.052
0
882.473 -6
1326.01 -12
1774.2 -37
2223.67 -27
2679.97 -51
3140.78 -54
3609.28 -65
85.301 -47
158.133 -51
191.04 -50

ANALYSIS
0.571
441.052
0
882.375 -6
1326.02 -11
1774.19 -37
2223.81 -26
2679.98 -50
3140.85 -52
3609.17 -63
85.975 -46
158.373 -50
191.317 -50

ANALYSIS
0.598
441.056
0
882.258 -6
1326.04 -11
1774.2 -36
2223.91 -26
2680.02 -48
3140.94 -52
3609.07 -63
86.15 -46
158.504 -50
191.487 -49

ANALYSIS
0.617
441.064
0
882.102 -6
1326.06 -10
1774.21 -35
2223.95 -25
2680.09 -48
3141.04 -52
3608.6 -63
86.313 -46
158.549 -50
191.506 -49

ANALYSIS
0.64
441.076
0
882.023 -6
1326.1 -10
1774.23 -35
2223.88 -25
2680.19 -50
3141.15 -52
3608.54 -64
86.366 -46
158.564 -50
191.436 -49
