Analysis(time=0.0, frequency_fundamental=887.82, partials=[(1.9980739339055213, 3.1622776601683795), (3.0166137280079295, 31.622776601683793), (4.035299948187696, 79.43282347242814), (5.088824311234259, 281.8382931264455), (6.177276925502917, 223.872113856834), (0.1183843571895204, 19.952623149688797), (0.1682762271631637, 19.952623149688797), (0.5093656371787074, 14.12537544622754), (0.6275832939109279, 10.0), (0.8215741929670428, 10.0)])

Analysis(time=0.023, frequency_fundamental=886.562, partials=[(2.001123440887383, 3.548133892335755), (3.0208829162540236, 35.48133892335755), (4.041240206550698, 112.2018454301963), (5.095966215560784, 354.8133892335753), (6.1860422621316955, 251.18864315095797), (0.11857828330111148, 19.952623149688797), (0.1685635071207654, 25.118864315095795), (0.5100929207432757, 15.848931924611133), (0.6284726843695082, 12.589254117941675), (0.8227050110426569, 7.943282347242816)])

Analysis(time=0.047, frequency_fundamental=885.403, partials=[(2.0039349313250576, 3.9810717055349722), (3.024803394612397, 39.810717055349734), (4.046710932761691, 158.48931924611142), (5.102557818304207, 446.683592150963), (6.186335487907765, 316.22776601683796), (0.11877077443830662, 22.3872113856834), (0.16883611191739806, 35.48133892335755), (0.5107662838278162, 19.952623149688797), (0.6292919721302052, 17.78279410038923), (0.8237367616780156, 10.0)])

Analysis(time=0.07, frequency_fundamental=885.312, partials=[(2.004841231114003, 4.466835921509632), (3.025069128171763, 50.11872336272722), (4.047251138581652, 177.82794100389228), (5.1029919395648085, 630.957344480193), (6.187095622786091, 446.683592150963), (0.11882816453408516, 28.183829312644534), (0.16890881406780886, 44.6683592150963), (0.5108266916070267, 28.183829312644534), (0.6293543970939058, 25.118864315095795), (0.8225642485361093, 14.12537544622754)])

Analysis(time=0.092, frequency_fundamental=884.374, partials=[(2.0069789478207185, 5.011872336272722), (3.0282323994147275, 56.23413251903491), (4.051645570765309, 158.48931924611142), (5.108291288527252, 794.3282347242813), (6.193759653721163, 630.957344480193), (0.11902543494042114, 28.183829312644534), (0.1703170830440515, 50.11872336272722), (0.5113809315968131, 31.622776601683793), (0.6300128678590732, 28.183829312644534), (0.8235147121014412, 15.848931924611133)])

Analysis(time=0.117, frequency_fundamental=884.407, partials=[(1.9996901878886078, 8.912509381337454), (3.0265025039376665, 158.48931924611142), (4.059454527157745, 251.18864315095797), (5.107207428254187, 1122.018454301963), (0.11911371122119115, 35.48133892335755), (0.17036274023159018, 79.43282347242814), (0.5113822029902522, 44.6683592150963), (0.6299565697693483, 50.11872336272722), (0.830628884665092, 28.183829312644534)])

Analysis(time=0.142, frequency_fundamental=884.453, partials=[(1.99975578125689, 10.0), (3.0259380656744908, 199.52623149688787), (4.051781157393327, 354.8133892335753), (5.106987030401842, 1584.893192461114), (0.11922623361557935, 39.810717055349734), (0.17050086324541838, 112.2018454301963), (0.5113861335763461, 63.09573444801933), (0.6297677773720028, 79.43282347242814), (0.8304997552159358, 39.810717055349734)])

Analysis(time=0.163, frequency_fundamental=884.514, partials=[(1.999674397465727, 10.0), (3.02472318131765, 251.18864315095797), (4.05782158337799, 446.683592150963), (5.112965990363069, 1995.2623149688789), (0.11974937649375815, 44.6683592150963), (0.19320666490298627, 125.89254117941675), (0.5113938275708468, 89.12509381337455), (0.7023891085952286, 100.0), (0.8235234264240023, 63.09573444801933)])

Analysis(time=0.188, frequency_fundamental=884.594, partials=[(2.006479808816248, 8.912509381337454), (3.0301810774208278, 223.872113856834), (4.056538931984616, 501.18723362727246), (0.11996237822096915, 56.23413251903491), (0.19423034748144344, 141.2537544622754), (0.5113837534507356, 125.89254117941675), (0.7023549786681799, 141.2537544622754), (0.8235461692030468, 100.0)])

Analysis(time=0.21, frequency_fundamental=884.682, partials=[(2.0053194255110873, 7.943282347242816), (3.030275285356772, 177.82794100389228), (4.0563049773817035, 446.683592150963), (0.12032572155870697, 63.09573444801933), (0.19460551927133138, 158.48931924611142), (0.3348276555869793, 141.2537544622754), (0.5112718468330993, 177.82794100389228), (0.7026750855109519, 223.872113856834), (0.8244013103013286, 177.82794100389228)])

Analysis(time=0.233, frequency_fundamental=885.002, partials=[(2.0042101599770397, 7.943282347242816), (3.031258686421048, 141.2537544622754), (4.055188575845026, 446.683592150963), (0.12066187421045377, 63.09573444801933), (0.194676396211534, 177.82794100389228), (0.25997794355266995, 251.18864315095797), (0.33436082630321745, 141.2537544622754), (0.512244040126463, 223.872113856834), (0.8271902210390486, 199.52623149688787)])

Analysis(time=0.255, frequency_fundamental=885.103, partials=[(2.0034843402406275, 7.943282347242816), (3.031376009345805, 100.0), (4.054217418763693, 354.8133892335753), (0.12110341960201242, 56.23413251903491), (0.19458978220613873, 199.52623149688787), (0.33421759953361363, 141.2537544622754), (0.5346722358866709, 316.22776601683796), (0.8273432583552424, 177.82794100389228)])

Analysis(time=0.279, frequency_fundamental=885.202, partials=[(2.0027293205392667, 7.943282347242816), (3.0210279687574135, 79.43282347242814), (4.054046421042881, 446.683592150963), (0.12121527063879205, 63.09573444801933), (0.20413080856120977, 251.18864315095797), (0.3340220650201875, 141.2537544622754), (0.8283431352391883, 199.52623149688787)])

Analysis(time=0.303, frequency_fundamental=885.302, partials=[(2.002198119963583, 7.943282347242816), (3.020686726111541, 70.79457843841381), (4.0539838382834334, 251.18864315095797), (0.12142410160600563, 63.09573444801933), (0.2040614389214076, 251.18864315095797), (0.3340001491016624, 177.82794100389228), (0.8283139538824039, 251.18864315095797)])

Analysis(time=0.325, frequency_fundamental=885.423, partials=[(2.002037444249811, 7.079457843841379), (3.029772210570541, 63.09573444801933), (4.05367829839523, 251.18864315095797), (0.12157465979537463, 63.09573444801933), (0.20386640057915822, 281.8382931264455), (0.3342187858232732, 251.18864315095797)])

Analysis(time=0.35, frequency_fundamental=885.623, partials=[(2.0019014862983457, 5.623413251903491), (3.028534715110154, 56.23413251903491), (4.0528306062511925, 316.22776601683796), (0.12160479120348047, 70.79457843841381), (0.20371422151412055, 199.52623149688787), (0.33405862313873963, 223.872113856834)])

Analysis(time=0.376, frequency_fundamental=885.971, partials=[(2.0011038736030864, 3.9810717055349722), (3.018315497911331, 50.11872336272722), (4.051238697429149, 398.1071705534973), (0.1215705705942971, 70.79457843841381)])

Analysis(time=0.399, frequency_fundamental=886.126, partials=[(2.0004604311350755, 3.1622776601683795), (3.0176634022701063, 39.810717055349734), (4.050530060059179, 562.341325190349), (0.12130441946179212, 70.79457843841381)])

Analysis(time=0.418, frequency_fundamental=886.336, partials=[(1.9998059426673405, 2.51188643150958), (3.0232778539966785, 31.622776601683793), (4.049570366091415, 794.3282347242813), (0.12019820925698606, 79.43282347242814)])

