ANALYSIS
0
887.82
0
1773.93 -10
2678.21 -30
3582.62 -38
4517.96 -49
5484.31 -47
105.104 -26
149.399 -26
452.225 -23
557.181 -20
729.41 -20

ANALYSIS
0.023
886.562
0
1774.12 -11
2678.2 -31
3582.81 -41
4517.89 -51
5484.31 -48
105.127 -26
149.442 -28
452.229 -24
557.18 -22
729.379 -18

ANALYSIS
0.047
885.403
0
1774.29 -12
2678.17 -32
3582.97 -44
4517.82 -53
5477.4 -50
105.16 -27
149.488 -31
452.234 -26
557.177 -25
729.339 -20

ANALYSIS
0.07
885.312
0
1774.91 -13
2678.13 -34
3583.08 -45
4517.74 -56
5477.51 -53
105.2 -29
149.537 -33
452.241 -29
557.175 -28
728.226 -23

ANALYSIS
0.092
884.374
0
1774.92 -14
2678.09 -35
3583.17 -44
4517.64 -58
5477.6 -56
105.263 -29
150.624 -34
452.252 -30
557.167 -29
728.295 -24

ANALYSIS
0.117
884.407
0
1768.54 -19
2676.66 -44
3590.21 -48
4516.85 -61
105.345 -31
150.67 -38
452.27 -33
557.138 -34
734.614 -29

ANALYSIS
0.142
884.453
0
1768.69 -20
2676.3 -46
3583.61 -51
4516.89 -64
105.45 -32
150.8 -41
452.297 -36
557 -38
734.538 -32

ANALYSIS
0.163
884.514
0
1768.74 -20
2675.41 -48
3589.2 -53
4522.49 -66
105.92 -33
170.894 -42
452.335 -39
621.273 -40
728.418 -36

ANALYSIS
0.188
884.594
0
1774.92 -19
2680.48 -47
3588.39 -54
106.118 -35
171.815 -43
452.367 -42
621.299 -43
728.504 -40

ANALYSIS
0.21
884.682
0
1774.07 -18
2680.83 -45
3588.54 -53
106.45 -36
172.164 -44
296.216 -43
452.313 -45
621.644 -47
729.333 -45

ANALYSIS
0.233
885.002
0
1773.73 -18
2682.67 -43
3588.85 -53
106.786 -36
172.289 -45
230.081 -48
295.91 -43
453.337 -47
732.065 -46

ANALYSIS
0.255
885.103
0
1773.29 -18
2683.08 -40
3588.4 -51
107.189 -35
172.232 -46
295.817 -43
473.24 -50
732.284 -45

ANALYSIS
0.279
885.202
0
1772.82 -18
2674.22 -38
3588.65 -53
107.3 -36
180.697 -48
295.677 -43
733.251 -46

ANALYSIS
0.303
885.302
0
1772.55 -18
2674.22 -37
3589 -48
107.497 -36
180.656 -48
295.691 -45
733.308 -48

ANALYSIS
0.325
885.423
0
1772.65 -17
2682.63 -36
3589.22 -48
107.645 -36
180.508 -49
295.925 -48

ANALYSIS
0.35
885.623
0
1772.93 -15
2682.14 -35
3589.28 -50
107.696 -37
180.414 -46
295.85 -47

ANALYSIS
0.376
885.971
0
1772.92 -12
2674.14 -34
3589.28 -52
107.708 -37

ANALYSIS
0.399
886.126
0
1772.66 -10
2674.03 -32
3589.28 -55
107.491 -37

ANALYSIS
0.418
886.336
0
1772.5 -8
2679.64 -30
3589.28 -58
106.536 -38

ANALYSIS
0.443
886.452
0
1772.41 -7
2679.74 -30
3589.33 -65
106.35 -39
